59.82
59.96
59.76
59.67
60.11
60
60.2
59.81
60.39
59.99
59.99
60.16
59.83
59.57
59.85
58.91
59.16
59.37
59.73
59.9
59.49
60.98
60.54
60.04
59.94
59.99
59.83
59.56
59.7
59.35
59.29
59.4
59.39
60.7
61.24
61.15
61.2
60.71
60.34
60.4
60.02
59.53
59.81
59.52
59.55
59.44
59.52
60.24
60.5
61.12
60.5
59.88
60.13
60.23
60.75
60.47
60.49
60.4
60.54
61.03
61.18
60.68
60.15
59.83
59.3
59.51
59.27
59.72
58.92
59.05
58.28
58.14
58.06
58.51
58.91
60.17
60.55
60.64
61.55
61.74
61.74
62.04
61.77
61.93
61.99
62.17
62.35
62.62
62.85
62.88
63.26
63.58
63.1
63.13
63.32
63.03
62.57
62.91
63
62.09
62
61.82
61.7
61.97
62.93
62.93
63.94
63.92
64.15
63.91
63.59
63.55
62.88
62.99
62.55
62.62
62.63
62.18
62.77
63.97
63.84
64.05
63.91
63.65
63.28
63.15
63.33
63.76
62.96
62.69
62.83
63.1
63.7
63.41
64.27
65.21
65.19
65.29
64.77
64.96
65.81
66.07
67.05
66.83
67.68
66.74
67.96
69.33
68.1
68.05
68.46
68.73
68.68
68.17
68.46
68.58
68.65
69.18
68.98
69.38
69.57
69.33
69.79
70.84
71.5
71.75
72.05
72.47
73.01
72.56
71.17
71.14
71.85
71.55
71.08
71.23
71.41
72.1
71.8
71.75
70.62
71.64
71.73
71.33
71.45
71.4
71.79
71.86
71.71
71.01
70.52
70.17
69.01
69.18
69.57
69.25
69.57
70.34
70.34
70.57
69.9
70.44
69.45
69.45
68.01
67.3
66.92
66.67
65.56
65.92
65.31
65.01
65.11
65.37
63.7
63.66
63.92
63.36
63.2
63
62.55
61.74
61.86
62.59
62.99
63.76
63.92
64.38
64.55
64.43
64.08
63.65
63.52
62.21
62.92
62.53
62.6
62.91
62.64
63.84
63.12
62.55
63.4
62.85
62.45
62.55
62.38
62.84
62.57
62.45
62.03
62.26
61.84
61.75
60.81
60.84
61.71
61.07
61.65
62.04
61.77
62.25
62.71
62.42
61.78
61.53
61.92
63.87
62.36
62.83
64.05
