481.68
475.69
479.98
490.97
522.53
531.4
543.5
548.22
547.1
563.82
560.53
571.07
594.91
596.54
598.73
613.62
616.17
610.31
624.65
627.74
615.27
630.27
661.6
693.32
682.23
700.99
696.41
721.33
722.48
721.28
739
726.58
726.13
694.52
674.72
785.38
788.17
790.92
787.01
776.63
791.12
822.79
852.37
859.64
887
926.69
875.28
857.74
919.13
908.88
879.44
878.365
884.55
893.98
903.72
914.35
942.89
950.02
925.61
902.5
903.56
903.63
894.52
889.64
859.05
880.08
871.33
853.54
870.39
906.16
881.86
860.01
874.15
840.35
846.71
762
795.18
824.23
796.77
826.32
877.35
877.57
864.02
830.41
858.17
887.89
921.4
905.54
904.12
887.47
898.78
903.99
913.56
946.3
943.59
924.79
947.8
953.86
949.5
1037.99
1064.69
1139.01
1148.25
1105
1096.33
1150
1164.37
1224.4
1209.98
1208.88
121.79
120.91
125.2
129.61
131.88
130.98
135.58
130.78
126.57
118.11
126.09
126.4
123.99
123.54
124.3
122.67
128.28
125.83
128.2
131.38
134.91
127.4
129.24
128.44
126.36
117.99
121.09
117.93
123.54
122.59
114.25
112.28
113.06
111.59
103.73
117.02
109.21
107.27
100.45
104.25
98.91
104.97
104.75
109.02
116.14
118.08
122.86
124.58
130
127.25
128.5
123.74
129.37
126.46
128.3
125.61
117.59
119.37
108
106.21
107.21
102.83
106.47
108.1
116.91
119.14
119.1
116.78
115.59
113.37
117.87
116
116.26
120.87
123.51
124.04
121.4
121.44
117
118.85
122.85
124.92
127.72
132.89
132.65
134.81
134.8
138.07
131.6
135.72
136.93
138
143.71
143.59
139.56
140.41
141.54
140.52
141.25
139.335
132.76
135.4
136.05
139.91
145.61
148.88
147.63
145.26
148.29
146.27
146.76
141.98
140.15
147.01
145.89
146.67
141.95
136.02
136.92
135.34
138.25
138.63
140.26
145.14
145.06
142.44
138.81
135.07
139.31
137.34
134.25
132
130.39
128.91
130.68
134.7
139.67
140.22
139.93
137.01
137.49
134.29
138.31
144.47
149.43
140.14
140.11
135.91
133.23
131.76
136.24
133.57
137.71
140.83
147.07
147.22
142.62
118.42
128.99
123.7
124.65
