46.21
45.63
45.54
45.4
45.73
45.521
45.52
45.55
45.6
45.49
45.4
45.37
45.08
44.58
44.72
44.4033
44.77
44.75
45.16
45.31
44.8278
45.64
45.52
44.86
44.8612
44.8612
45
44.85
45.34
44.6913
44.81
45.59
45.2231
45.37
45.3384
45.45
45.8027
45.97
45.96
45.96
46.42
46.52
46.5126
46.2994
46.513
47.07
47.01
46.9258
47.2514
47.56
47.33
47.59
47.75
48.01
48.45
48.67
48.7
48.57
48.5124
48.78
48.72
48.51
48.29
48.1999
47.9
48.3028
48.4
48.2951
48.1296
48.2807
47.55
47.11
47.17
47.0256
47.12
47.4968
47.9152
48.1523
48.31
48.0423
48.1481
48.3241
47.58
47.4383
47.63
47.8548
47.76
48.25
47.58
47.96
48.03
47.93
47.7885
47.575
47.84
47.7041
47.3608
47.4327
47.1855
46.7439
46.8
46.33
45.946
45.9403
46.67
46.4
46.259
46.35
46.2
45.8151
45.569
45.5515
45.45
45.29
44.921
45.59
45.7903
45.4214
45.69
45.9904
45.9115
45.7993
45.5122
45.64
45.59
45.6401
45.6665
45.71
45.56
44.82
45.01
45.3696
45.2951
44.9611
45.6234
45.759
45.4906
45.083
45.1895
45.06
44.8199
45.1378
45.5887
45.6
46.05
46.3798
46.1534
45.9154
45.1
45.2283
45.26
45.61
45.75
45.4
45.6853
45.9399
46.2018
46.3345
46.5698
46.2663
46.6631
46.1729
47.13
47.44
47.4099
47.3
47.12
47.58
47.2237
47.53
47.4981
47.185
47.26
47.0663
46.705
47.16
47.6299
47.94
47.99
47.9
48.24
48.05
48.0751
48.11
47.8616
48.1135
48.3641
48.35
48.3079
47.7179
47.0288
47.6051
47.22
47.33
47.2645
47.0456
47.4105
47.65
47.84
48.13
48.04
47.8209
47.2914
47.3002
47.1898
46.9511
46.7972
47.1454
46.78
46.3346
46.2731
46.464
46.99
47.49
48.1
47.9
48.16
48.0103
47.83
47.65
47.2495
46.8192
47.07
47.1965
47.4077
47.9963
48.3224
48.885
48.9368
48.82
49.09
48.9431
48.9289
48.82
48.8799
48.6025
48.32
48.805
48.93
48.97
48.7645
48.5162
48.29
46.83
46.92
47.0237
46.62
46.9864
46.96
46.6643
46.3297
46.4765
46.768
46.991
46.45
45.9
46.32
45.21
45.71
45.9542
46.0091
46.3672
46.69
46.84
46.38
46.63
46.75
47.51
47.34
47.91
48.43
