402.59
398.33
396.28
396.75
404.95
405.75
408.5
409.35
409.56
409.52
407.21
412.99
421.18
421.73
423.48
425.83
426.35
423.81
428.15
425.3
416.97
421.88
429.01
428.45
427.59
431.99
432.79
437.05
435.34
428.55
433.22
434.51
430.57
427.32
425.61
438.07
436.78
436.55
437.6
435.27
439
445.61
444.02
436.05
438.79
445.45
439.02
437.39
443.66
440.25
439.14
433.92
437.48
438.57
443.77
445.87
446.38
444.76
443.32
444.83
444.01
444.95
441.11
442.1
435.34
440.47
440.6
442.23
438.37
445.37
438.27
431.06
431.1
425.84
423.41
414.65
418.82
425.07
426.51
424.45
431
432.75
424.59
421.52
426.9
435.48
440.25
440.32
440.06
441.02
442.06
443.08
445.93
452.9
451.98
451.76
454.91
455.8
455.71
453.66
457.95
459.68
456.44
451.55
450.71
453.13
454.37
463.53
463.37
462.96
464.83
468.02
474.15
476.72
479.19
485.06
485.21
481.47
480.18
473.96
479.38
480.37
481.61
479.11
481.92
486.98
491.04
496.16
497.34
497.77
502.96
491.93
494.82
496.15
496.34
481.77
479.49
475.24
482.32
480.62
463.38
458.27
462.97
463.9
457.53
471.07
459.66
448.75
435.37
439.53
434.77
448.07
450.41
451.38
462.58
462.73
474.42
475.03
481.27
480.26
482.5
474.85
480
475.34
476.76
471.35
470.66
476.27
461.81
460.61
461.04
448.69
454.46
458.66
468.62
473.22
475.34
473.24
473.49
471.44
483.36
482.44
483.04
485.37
485.82
489.47
486.75
488.07
481.27
481.95
481.59
487.32
482.1
489.3
493.15
492.59
493.36
497.5
490.85
490.91
491.25
494.47
495.42
495.96
488.36
492.32
495.32
495.4
500.16
496.38
483.85
487.43
486.01
492.21
505.58
513.54
514.14
513.84
512.91
512.25
508.69
496.57
500.02
503.46
503.17
504.98
505.79
506.59
509.31
505.3
509.74
515.29
516.87
523.26
521.81
526.48
522.38
520.6
529.92
526.5
530.53
538.17
535.8
516.47
514.17
518.66
522.87
529.96
529.6
522.56
515.61
511.23
510.23
518.58
524.54
515.18
515.27
507.19
505.56
505.08
516.7
513.08
521.74
524.8
531.51
532.64
529.63
514.21
521.81
520.83
523.05
