22.24
22.15
22.5
22.71
22.53
22.63
22.78
22.67
22.69
23.11
23.13
23.39
23.33
23.17
23.37
23.51
23.38
23.42
23.17
22.97
22.83
22.32
22.79
23.28
23.06
23.14
23.34
23.37
23.33
23.76
23.64
23.56
23.7
23.71
23.84
23.78
23.44
23.53
23.69
23.53
23.4
23.25
23.34
23.03
22.89
22.9
22.97
23
23.19
23.31
23.68
23.71
23.79
23.74
23.59
23.54
23.32
23.45
23.38
23.18
23.19
23.67
23.77
23.79
23.64
23.95
23.95
23.74
24.27
24.41
24.29
24.67
24.84
24.59
24.71
24.63
24.68
24.67
24.87
25.02
24.92
24.72
24.94
24.76
24.67
24.43
24.34
24.19
24.31
24.26
24.38
24.32
24.22
23.88
23.91
24.06
24.15
24.03
24.02
24.17
24.12
24.49
24.77
24.57
24.38
24.03
23.75
23.55
23.61
24.07
24.21
23.99
23.79
23.47
23.28
23.49
23.34
23.44
23.5
23.4
23.37
23.39
23.31
23.74
24.15
23.99
23.66
23.51
23.46
23.55
23.49
23.27
23.2
23.45
23.15
23.13
23.29
23.46
23.55
23.58
23.82
23.66
23.48
23.37
23.29
23.06
22.82
22.13
22.02
22.52
22.72
22.86
22.64
22.56
22.42
22.28
22.46
22.4
22.31
22.12
22.12
22.35
22.22
22.26
22.33
22.36
22.44
22.66
22.33
22.07
21.96
21.97
21.88
21.68
21.73
21.84
21.79
21.62
21.72
21.98
22.08
22.15
22.21
22.22
22.17
22.14
22.05
22.13
21.98
22.17
22.37
22.68
22.86
22.82
22.99
23.03
23.14
23.17
22.85
22.78
23.17
23.14
23.54
23.53
23.59
23.44
23.64
23.66
23.65
23.56
23.54
23.88
23.52
23.41
24.03
23.8
23.48
23.56
23.85
24.16
24.04
24.16
24.1
23.96
24.05
24.09
24.08
23.48
23.54
23.41
23.15
23.13
23.32
23.09
23.03
23.01
23.2
23.35
23.57
23.84
24.12
24.07
24.01
24.25
24.63
24.57
24.52
24.46
24.45
24.63
24.47
24.64
24.58
24.69
24.74
25.02
25.04
25.3
25.27
25.32
24.83
24.78
24.73
24.545
24.67
24.86
24.79
24.46
24.48
24.54
24.45
