62.1617
61.514
64.3033
66.1672
64.49
65.3137
66.4933
65.7069
66.06
69.46
69.85
71.89
71.28
69.9555
71.5708
73.1
71.73
72.11
69.3618
67.76
66.06
62.17
65.96
70.1202
68.2761
69.05
70.6688
70.8727
70.7391
74.31
73.5154
72.52
73.63
73.6211
75
74.2619
71.15
71.9319
73.3734
71.895
70.66
69.35
70.1616
67.1941
66.1433
66.2559
66.6428
66.76
68.65
69.65
73
72.8381
73.82
73.0666
73.3446
73.06
70.87
72.0094
71.1539
69.49
69.3679
73.47
74.4693
74.8518
73.3505
76.1108
76.4612
74.4
79.255
80.3868
78.8107
82.89
84.3953
81.9204
83.1657
82.44
82.6007
82.8219
84.75
86.6865
85.1
83.02
85.075
83.2062
82.58
79.8648
79.2371
77.529
78.9997
78.22
79.4057
78.8313
77.6289
74.3659
74.81
76.1789
77
75.7754
75.5838
77.08
76.3501
79.9805
82.6761
80.62
78.79
75.1552
72.6787
71.2649
71.1975
75.2466
76.85
74.5753
72.8859
69.7
68.0969
70.0928
68.27
69.62
69.7942
69.07
68.6119
71.4462
70.846
74.73
78.46
76.7064
73.82
72.1289
71.6732
72.5601
71.9502
69.9579
69.2775
71.4207
68.6256
68.5118
70.0674
71.5
72.1554
72.2772
74.5438
72.85
71.2388
70.4156
69.6646
67.5
65.5123
59.88
58.4727
62.43
64.0809
65.3867
63.2654
62.7975
61.5268
60.3878
62.0066
61.2862
60.4628
59.0472
58.8106
60.8138
59.6098
60.065
60.4407
60.7656
61.3704
63.0696
60.3323
58.1561
57.15
57.17
56.5639
55.1275
55.4929
56.2448
55.9706
54.68
55.34
57.2677
58.1406
58.4155
59.0366
58.92
60.3807
60.0989
59.4039
60.05
58.78
60.32
61.878
64.33
65.9307
65.54
66.7072
67.6377
68.3365
68.655
65.6303
65.3082
68.2627
67.9883
71.53
71.43
72.1136
70.66
72.0493
72.37
72.4391
71.74
71.355
74.54
71.2013
70.1725
75.9327
73.2485
70.5204
71.2149
73.6141
76.5315
75.4974
76.28
75.9292
74.683
75.19
75.8476
75.4422
69.929
70.7539
69.4624
67.5581
66.8257
68.3845
66.1507
65.97
65.6855
67.48
68.5468
70.571
73.2846
75.2045
74.78
74.2866
76.9121
80.16
79.31
77.8354
77.2415
77.1767
79.1041
76.3143
79.97
78.0694
79.0257
79.5224
82.6739
82.46
84.2292
84.6071
85.2
80.67
79.6849
79.5533
77.37
78.627
80.352
79.44
76.4287
76.6761
77.3116
76.54
