254.58
253.63
254.84
254.65
257.46
257.55
258.36
257.84
257.2
255.77
254.89
254.99
255.27
256.58
256.37
254.06
253.8
255
257.15
257.24
256.64
260
259.49
260.06
263.15
263.51
263.45
263.45
264.25
261.35
263.86
265.99
266.66
265.47
266.06
269.14
270.43
269.29
269.62
267.97
265.41
268.5
267.92
265.76
267.59
269.01
268.53
267.97
269
268.03
266.7
265.84
265.63
267.57
267.26
267.61
266.16
265.69
266.9
270.54
270.52
268.18
263.75
263.78
260.22
262.38
261.72
262.95
259.74
258.62
254.77
253.59
253.81
253.13
252.83
253.33
254.53
257.82
257.26
255.24
255.32
256.54
256.04
257.28
257.14
258.02
259.16
261.06
259.75
262.05
262.19
262.17
263.28
267.23
266.99
267.11
266.85
266.91
267.39
264.4
263.51
260.66
258.51
258.91
262.45
264.03
264.84
266.34
266.89
266.87
268.06
267.01
266.75
266.38
265.99
265.61
265.63
266.6
267.63
269.37
268.65
267.69
267.43
266
264.75
263.76
261.88
263.92
263.64
264.96
267.55
270.15
272.12
271.29
275.73
276.2
269.53
270.9
272.74
272.9
274.75
273.55
275.43
275.47
275.74
274.68
277.21
275.91
268.95
270.13
267.29
273.24
274.47
273.51
276.79
277.41
279.78
279.94
282.15
282.89
283.94
283.58
285.4
284.96
285.5
285.41
286.47
288.1
286.95
286.49
282.84
281.39
283.34
284.5
283.82
285.26
286.14
287.86
285.36
284.83
286.45
285.07
284.1
283.4
280.59
281.65
280.29
282.2
280.36
280.09
277.34
277.81
276.36
277.83
280.21
279.27
281.76
283.3
280.48
281.56
279.9
281.33
277.92
277.45
275.72
274.05
272.64
273.37
272.8
272.37
269.68
271.72
270.31
272.6
273.56
275.36
277.47
276.16
272.15
271.29
266.57
260.77
260.78
260.25
263.01
265.37
265.83
268.46
269.92
271.38
272.24
271.65
270.65
270.98
267.86
266.95
267.43
266.36
263.3
260.71
260.43
258.19
257.92
252.56
250.81
253.89
256.19
257.03
257.87
256.38
253.18
253.69
254.06
256.58
256.69
258.14
259.37
257.48
260.65
257.85
259.08
260.17
258.53
263.21
262.79
265.99
266.44
271.8
270.43
268.95
271.78
