235.63
233.37
232.77
233.12
236.45
236.01
237.23
237.07
237.11
236.01
234.59
236.66
239.54
240.58
241.02
240.98
242.32
242.12
244.32
243.98
239.87
243.1
245.18
244.02
244.85
246.78
247.39
248.9
249.14
245.15
247.86
249.77
248.46
246.9
246.95
251.83
252
251.24
251.94
251.52
252.58
254.9
254.65
251.95
253.44
255.91
254.43
254.02
256.53
256.21
255.22
253.71
255
256.47
259.07
260.14
258.5
257.92
257.46
259.73
259.9
259.7
257.3
257.7
254.61
257.18
257.48
257.85
254.97
256.7
253
249.89
249.14
247.68
247.17
245.23
247.64
250.59
250.65
249.46
251.78
252.77
248.61
247.99
250.56
253.53
256.25
256.48
256.3
257.81
258.05
258.19
259.45
262.64
261.93
262.3
262.57
263.11
262.22
259.99
261.87
261.87
259.72
258.45
260.44
260.52
260.49
263.68
263.45
262.95
263.83
264.28
266.77
266.89
266.69
268.72
269.4
268.72
268.31
267.86
268.74
268.73
269.38
267.51
268.05
269.6
270.71
272.12
272.49
272.42
275.06
273.83
275.64
276.82
279.1
275.16
272.76
271.06
273.89
273.69
267.53
266.5
269.69
269.71
268.59
272.57
268.3
262.9
255.18
257.77
255.8
261.79
262.92
262.75
267.12
267.88
272.52
273.17
275.75
275.08
276.46
274.12
277.59
276.89
277.14
275.45
275.72
278.38
272.39
271.78
270.94
266.44
269.29
270.34
273.03
275.3
277.22
277.77
278.05
277.35
282.05
281.46
282.16
282.87
281.94
283.2
282.05
283.16
280.58
280.64
280.04
282.75
280.17
282.53
284.5
283.91
286.11
288.34
286.36
287.82
287.76
288.89
287.98
287.65
285.05
285.81
285.54
286.7
287.08
286.37
281.03
282.23
281.72
285.3
293.28
295.33
296.71
297.54
296.37
296.23
294.04
290.31
291.49
292.83
293
295.05
296.51
297.96
299.05
298.2
299.86
300.43
300.43
302.45
301.61
302.45
300.52
299.39
301.8
300.08
299.93
301.15
299.66
290.39
289.98
293.28
294
297.12
297.29
294.07
290.82
289.81
289.26
293.06
294.7
291.41
291.68
287.3
287.77
288.42
293.71
293.49
296.2
299.14
300.6
302.18
301.3
297.1
299.65
298.37
300.24
